  65	| 000
  6F	| 0010
  7A	| 00110000
  41	| 00110001
  53	| 001100100
  6A	| 0011001010
  78	| 0011001011
  3A	| 001100110
  2D	| 001100111
  2C	| 001101
  63	| 00111
  6E	| 0100
  74	| 0101
  70	| 011000
  A	| 011001
  22	| 0110100000
  44	| 01101000010
  56	| 01101000011
  49	| 01101000100
  4B	| 01101000101
  50	| 01101000110
  4F	| 011010001110
  34	| 011010001111
  47	| 011010010000
  35	| 011010010001
  57	| 011010010010
  32	| 011010010011
  48	| 01101001010
  33	| 011010010110
  31	| 011010010111
  42	| 011010011
  2A	| 0110101
  62	| 011011
  73	| 0111
  69	| 1000
  72	| 1001
  68	| 10100
  6B	| 1010100
  76	| 1010101
  2E	| 1010110
  54	| 10101110
  55	| 1010111100
  29	| 1010111101
  4E	| 10101111100
  36	| 101011111010
  4D	| 1010111110110
  59	| 1010111110111
  28	| 1010111111
  6C	| 10110
  66	| 101110
  67	| 101111
  20	| 110
  61	| 1110
  6D	| 111100
  75	| 111101
  79	| 1111100
  77	| 1111101
  64	| 111111
YES
S, u, r, e, ,,  , h, a, d, i, l, s, c, p, t, o, n, f, v, k, b, :, 
, 1, ., *, G, z, y, B, (, U, ), T, g, m, w, N, A, I, -, W, x, K, 2, P, 3, D, j, O, 4, V, H, 5, M, ", Y, 6, 
000
0010
00110000
00110001
001100100
0011001010
0011001011
001100110
001100111
001101
00111
0100
0101
011000
011001
0110100000
01101000010
01101000011
01101000100
01101000101
01101000110
011010001110
011010001111
011010010000
011010010001
011010010010
011010010011
01101001010
011010010110
011010010111
011010011
0110101
011011
0111
1000
1001
10100
1010100
1010101
1010110
10101110
1010111100
1010111101
10101111100
101011111010
1010111110110
1010111110111
1010111111
10110
101110
101111
110
1110
111100
111101
1111100
1111101
111111
~~~~~~~~~~~~~~
~~~~ TEST ~~~~
~~~~~~~~~~~~~~
53 001100100
75 111101
72 1001
65 000
2c 001101
20 110
68 10100
61 1110
64 111111
69 1000
6c 10110
73 0111
63 00111
70 011000
74 0101
6f 0010
6e 0100
66 101110
76 1010101
6b 1010100
62 011011
3a 001100110
a 011001
31 011010010111
2e 1010110
2a 0110101
47 011010010000
7a 00110000
79 1111100
42 011010011
28 1010111111
55 1010111100
29 1010111101
54 10101110
67 101111
6d 111100
77 1111101
4e 10101111100
41 00110001
49 01101000100
2d 001100111
57 011010010010
78 0011001011
4b 01101000101
32 011010010011
50 01101000110
33 011010010110
44 01101000010
6a 0011001010
4f 011010001110
34 011010001111
56 01101000011
48 01101001010
35 011010010001
4d 1010111110110
22 0110100000
59 1010111110111
36 101011111010
~~~~~~~~~~~~~~
~~~~~~~~~~~~~~~~
~~~~ SORTED ~~~~
~~~~~~~~~~~~~~~~
S 001100100
u 111101
r 1001
e 000
, 001101
  110
h 10100
a 1110
d 111111
i 1000
l 10110
s 0111
c 00111
p 011000
t 0101
o 0010
n 0100
f 101110
v 1010101
k 1010100
b 011011
: 001100110

 011001
1 011010010111
. 1010110
* 0110101
G 011010010000
z 00110000
y 1111100
B 011010011
( 1010111111
U 1010111100
) 1010111101
T 10101110
g 101111
m 111100
w 1111101
N 10101111100
A 00110001
I 01101000100
- 001100111
W 011010010010
x 0011001011
K 01101000101
2 011010010011
P 01101000110
3 011010010110
D 01101000010
j 0011001010
O 011010001110
4 011010001111
V 01101000011
H 01101001010
5 011010010001
M 1010111110110
" 0110100000
Y 1010111110111
6 101011111010
~~~~~~~~~~~~~~
Element count 58
Opened file...
Wrote to file...
Testing load...
Testing read...
65 000
20 110
72 1001
61 1110
69 1000
73 0111
74 0101
6f 0010
6e 0100
68 10100
6c 10110
63 00111
75 111101
2c 001101
64 111111
70 011000
66 101110
62 011011
a 011001
67 101111
6d 111100
76 1010101
6b 1010100
2e 1010110
2a 0110101
79 1111100
77 1111101
7a 00110000
54 10101110
41 00110001
53 001100100
3a 001100110
42 011010011
2d 001100111
28 1010111111
55 1010111100
29 1010111101
78 0011001011
6a 0011001010
22 0110100000
4e 10101111100
49 01101000100
4b 01101000101
50 01101000110
44 01101000010
56 01101000011
48 01101001010
31 011010010111
47 011010010000
57 011010010010
32 011010010011
33 011010010110
4f 011010001110
34 011010001111
35 011010010001
36 101011111010
4d 1010111110110
59 1010111110111
Testing compression...
Compression done...
Starting loop...
SUM: 476
SUM: 60
Required bits: 15
Start compressing table...
3
6
10
14
18
22
26
30
34
39
44
49
55
61
67
73
79
85
91
97
103
110
117
124
131
138
145
153
161
169
178
187
196
205
215
225
235
245
255
265
276
287
298
309
320
331
342
354
366
378
390
402
414
426
438
450
463
476
Setting keys...
Set keys done...
Writing file...
Done writing file!...
here!here!Required bits 15
Final cache write...
1011001111011111100010101100000000000000000000000000000000000000Success: 2
Count: 4494
Decompressing file...
Loading header...
Loaded header...
Signature:	HUFF
Symbol Size: 	1 bytes
N Symbols: 	58
Key offset: 	24
Table Offset: 	256
Data offset: 	316
Data end: 	20499
2523 bytes to decompress (20183 bits)
58 symbols found...
Loading keys...
Loaded keys...
Item	Code Length
65	3
20	3
72	4
61	4
69	4
73	4
74	4
6F	4
6E	4
68	5
6C	5
63	5
75	6
2C	6
64	6
70	6
66	6
62	6
A	6
67	6
6D	6
76	7
6B	7
2E	7
2A	7
79	7
77	7
7A	8
54	8
41	8
53	9
3A	9
42	9
2D	9
28	10
55	10
29	10
78	10
6A	10
22	10
4E	11
49	11
4B	11
50	11
44	11
56	11
48	11
31	12
47	12
57	12
32	12
33	12
4F	12
34	12
35	12
36	12
4D	13
59	13
Calcuating offsets...
Success
65	0
20	3
72	6
61	10
69	14
73	18
74	22
6F	26
6E	30
68	34
6C	39
63	44
75	49
2C	55
64	61
70	67
66	73
62	79
A	85
67	91
6D	97
76	103
6B	110
2E	117
2A	124
79	131
77	138
7A	145
54	153
41	161
53	169
3A	178
42	187
2D	196
28	205
55	215
29	225
78	235
6A	245
22	255
4E	265
49	276
4B	287
50	298
44	309
56	320
48	331
31	342
47	354
57	366
32	378
33	390
4F	402
34	414
35	426
36	438
4D	450
59	463
Min code length: 3
Max code length: 13
Starting data decompression...
Compressed data:
00110010011110110010000011011101
01000001001000110111010010001101
11111000010111101000101100001111
11110111111000011100111100110000
11000010110000010010001111100010
10111011001110001010101000100111
10101101101111111000101110101110
00010010000100010111010101001000
01001111110111110001010111011001
10110001110100101110011001100110
01011001011010010111101011011001
10101011010101101001000010011000
00110000001100001011011111001100
11010011000111010010110101011010
11101010111111011010110101111001
00101111111010111110111010010011
10101001001111101010000101001100
11000011011100010110100001110110
10110101111010011001101101010111
01010000011010111110011000001100
00001100001011011111001100110110
00111010010011011100010101110010
10000100110100100010101010001001
00011111101100110111000101001110
10000101011111010001111001111000
00010001110001100111100000110000
00011011100100111111110101110001
01001111100100011111111100110111
01100001100110001001000011100001
00001110000011011101000011111011
10110011111110101101101110110000
00001111000000011111000101011101
10010110100000110011011100100101
11110101001100110110001110100101
10010100111001011000101010100011
00101001011010101111100001010010
10110100110001100011111000001001
10000011111101010110110011010001
00010101111101011101111011001110
10011110010010111100001111101011
10100100101111001101011010001011
11101000101110011011100100101111
10101001100101001011001000001110
10011011011111001100110111011011
10001111010100001101110111110110
00010110100011001111111100001110
10110000100001110101100010101010
00110011110001011010101010001001
00110011101011000011000011000000
11111111010100111010001001011100
11011101011111000101010110000100
10111111010000101110111011010111
11001100000110000001100001011000
01111111101110011000011000000111
01001111001000011100010101101101
01011101010000001110001100110110
00111010010111011001011000001001
11011100001110111110111011010100
11110111110001100011000101011101
10111100111101011100111101100001
10001001001100101101000001000100
11100111101000010111101101101111
11000100101110011011101111101101
00100000111101001101110100011111
10111110100001001101111111000101
11110111110000100101111110111001
00111111110101111100010101010000
11101100101011010000011110011011
10010011010001111000110000010011
11000010010111111001100010010010
10111010001011000010101101100110
10010010100001011010011001111010
01110100101100011000111101101110
11111010111110111100000111001111
11101100110000100101111110111101
01100011001010010110101110001011
11011001110100001000011110100000
01111101000010001100110110000010
01011110101101000011011101011111
00110000011000000110000101101000
00001111101110100100011001111111
01011000000100101101111011111110
00101111101111000100101110011011
10001010111001010000100110000001
10010110011111101010101111001011
00001001011111100110111111011001
10010010111110101111100101001011
01010010000110110001001010011100
10100001100111111111110110011000
01001011111101111101100001000101
00010011010110110101011101010000
01111100110111010010001100010111
10001001000101010100101001000011
10011011101011100001110011101011
00001001011111100010010011011101
10111110110001111110001101010101
11101001100000001011111100110001
01011101100110001011011100100010
10111001101011001011011000100110
01100000001110011011101000010001
11000001110101011100110111011100
10011111111000100011100111111001
11100000100100111010110101101111
10000110111010110111010011011110
00110111100111011110011110011101
01100111101011011001101000101010
00010111110101001101011100010100
11100101101000001000100111001110
01010110100001011110100111111000
11001010011100101111101100100000
11011101011111001100000110000001
10000101101000000011111011101001
00011010100100010111110100101101
11110011001010001001100110000101
00101001100011101011011011100100
11111111000111111001001101001001
01110111100110001010101010001001
11000000110010110101000010001111
00010101010001101110100100011100
11111010000100011001011100011101
00100111101001100010101110110101
11000100010111111101011001100101
10010110100100111010110110011010
10110101011010001100010101101110
10011100110100110001110100101101
01011010111010101111110110101101
01111001001011111110101111101111
00111010011000010110001111001111
01011101101011010111101001100110
11010101110101000001100110000010
10110111010011100110110001110100
10011011101110110111100111010011
01010100010110110001010111011011
10111111111001100001011110010110
00001001001100101001001100101011
01000001101011101001100010111110
00111111110001100011001001110101
10000011111000001001010101100010
01001001001111000000100010100110
11100110110010111001110101011111
01110110001110010111001011100010
10111011001011010010000011110101
00001101110101000010101101011000
10111110111010111111110111101001
11111111010100111010001001011111
01110010011111101100111111100001
00011100011011110101001111110001
00110111011110110010011011101110
01100001100000011101001100001001
01111110111110110100100001010001
10010100101100110111011000001001
11111110011100011101111001011000
00111011110110111110011011111011
00001011010011001011010000011001
11010000101111101111110011010110
11100100111111011100111111001100
00001010110011001101011101010000
01000100111010110111010011011110
00110011000111011111010111110111
01001000110111110100010110101100
01100111011111110110000101000111
11111010111000101001110011011001
00101101001100111111110110001111
00111100100001001011111101110010
01111111101111101111010110101010
01000010010111111000100100110100
00011100000110111011100011101011
00001001011110110011011010001010
10000011001110100001011111010111
10100001000001111100010010011001
11001010111001011100111010000101
11110111011100100111111110011000
11101111111111111011000001111101
00001001101111101111001010001001
10101101100011000111001111010100
10001011010110000111111110101001
11101010001010001001001101110010
11010000011001100000101011011101
00101100101101100011101001110011
00010011000111100111010011000101
10111110011001100010010001111100
01111100010010011001110001110101
10011100110111000101011100101000
01001101111101111010000101100001
00101111110011000111001011000000
01000101101101111100110010000011
10100111001110001110101101100110
11100100011100101101001000010010
11111101010000101011000001110110
01001010011101010011110101000101
10000100101111110010110100000111
10011000100100110100000111000110
10111010110001000001111010110110
10101110101000001000100111010010
00101101000111001000011100011000
10010011001110001110110100000111
00011011110011101010100000011111
00101101000001111001100000111011
00000000111100011101011010110111
11000110011010101111101101100100
00010011110011011101100001100101
00101100011110110100011110011100
10100011000111101001110010010111
10000011011101110011111001011010
00001101001000111111111101001110
10110000010010011000101011101101
00000111000110101101000111100100
00101011111001011010000010001001
11010100111101010001011000010010
11110110011011111001001011110101
00111111011110101101100110100011
00010101101110100111001101100011
10100101111101110100100011010100
10001011111010010110111110011001
11001010110100001011110100111111
00110001111001000111001011111011
00100001110011011101111101100001
01101001101110111111111101101100
10111011110011101011000001111101
01001110101010110000100101111110
10101011110011101010110011010000
10111100000110100111100100101111
00001111101110010011111111010111
00001111001110101100000111110011
10000001010100100001001011111100
01011110101011100111000111011010
00001110001100101001011001101111
11011000101101111111101111001110
01010001001010010000101111110011
01111110000100011110101100110010
11001011010010110101011011001101
01011010100110001111100000100110
00001111110010011001101001110110
11100011110101001100110100110001
11010010110101011010111010101111
11011010110101111001001011111110
10111110111011110000010011000001
11111001001111010111011010110101
11101001100110110101011101010000
01100011000111110000010011000001
11111001001100110111011011100011
11010100110011011000111010011101
00001111100010010000001100100101
01110110010110100000110111100001
00111010111011101111111110011000
01011110011011101100001100110110
00111010011100111011000000001111
00000001110011011101011100010111
10101001111111101110001111001001
00111011111010101111100001010010
10110100110001100011111000001001
10000011111100011011101011101001
00101111001101111110000100011100
00110011011100010100100001110101
01111100101001011000100110000000
10011011110000011101111110010111
11010111101011011001101000010000
01110110001000010100011001011010
00001000100111001001110111100000
00110111001011010000010001001110
10111011110110011100011100101011
00010100111100101100000100100110
10101011110100110000000111110111
11011000111111000101101111100001
10101100110011110010010111110000
10010111111010111010010010111100
11000110010100000101110011011101
10111000111101010011001010010110
01111010011101111110000111110001
01011101100110111001001011111010
10000110111000111100001000100111
01111000010010000110111011100100
11111111000010101010000100110011
01110110111101100001111010000110
01111011111001111011111001010110
11010101110101000000111000011001
01101100011101001011111011101001
00011000111101001110100111100011
10101000100110000011000000011111
11100110111111100110010110100000
10001001110100100010110111001011
00010101010001011011111001100111
11110011101011010110110011110000
01100000001100011100101111000110
00111010010001111111100101001011
00010010110100000100111001101100
01110100101100101110110000000011
11000000011100110111011111000000
10111001011010000010001001110011
10101100100001001011110101101001
10111001001111111101110101111100
01011010000101111110011011101001
00011010010001111001110100110101
00111001101110110000101011011001
10100011101111000100100010101010
01010010000111110111110110000101
10100110111001100101100010010001
01110000100100001000011100011010
11100010100111010101010001011110
00010111100101100000100100001101
11001101110110111000111101010011
00110110001110100101111101110100
10001100010011000011000001010010
10111110101001000011101011000001
11110101110000000111111000100101
11001101110001110010010001111111
01111100100001001011110110010110
11000100110011000000011100110111
00100111101010101110011011101000
01000111000001110101011100110111
01110010011111111000100011100111
11100111100000100100111010110101
10111110011001111111001110101101
01101101111001110111100111100111
01011001111010110110101011101010
00001111100110111010010001100000
01100101100111000101101011000001
00010101100100111101101000111100
01101100010010111001101110111101
01111000010010111111001011010010
00011111001111010100100010110101
10110010100101100000111001111110
01100000011001011010010010001110
01010111110001010011100101001011
01011100010100111101011110001101
01110001010011101011100010001011
11111101000010011001011001000000
01111010110011001001100011111000
00100110000011111100100110011011
10110111000111101010011001101100
01110100101111101110100100011010
10100010000101111101010011010111
00010100111001011010000010001001
11000010110111101011110001010101
00011001001110010111110110010001
10111001001111111100010101110010
10000100110010110011111100110010
10010110111010101010010100011111
10110011010011110111110011100100
11000111001001000101111000111010
11010110011001011001011010001111
10101101100110101011010100110001
01111000111001001100110100111011
01110001111010100110011010011000
11101001011010101101011101010111
11101101011010111100100101111111
01011111001011010010000110110000
10111100100111101011101101011010
11110100110011011000110001101100
11100101101010100010000101111101
01001101110011111001011010000011
01111000010001001001100110110001
11010011101111111111010001100101
00100110010101101000001100011110
01000011100111000010001010011001
11011110100111001100000011111111
01111101101001000010100011011110
01110100110101001000010010111111
00010010011001011010000010001001
11000111101000000111010101110011
01110010110100000110001100010111
10001110010011001101110110111000
11110101001100110110001110100111
01000011111010111000101111010100
11111101100111100011110010010011
10111110111011011111011000111111
00011010011110010010111100011010
00010011000110001011110001110101
01101101010111010100000100010011
10101110111101100111000111001010
11000101001111001011000001001001
10101010111101001100000001111101
01110100100101111001100011001010
00001011100110111011011100011110
10100110010100101101111111110100
11010100011001011011100100101111
10101000011011101110010011111111
00101101000001111100110011000001
00111011100001110111110111011011
11111000011101011000010000111010
11000101010100011001101000011001
10011101111010011100110000001111
11110011000111010110000110011000
11100101001111010011000100100110
01011010000010001001110001111010
00000111010101111010110110011010
00101010000101111101010001100110
11100010100111001011010000010001
00111010010010011011111101011101
01110011011111101100010110111111
11011100100111111110011101010010
00111101010011111001101011000010
11110111001101110010110100000011
10001100110110001110100101111101
11010010001100111101010010001011
01011000011111111000111101101000
11110001101100010010111001101110
00101011100101000010001100101110
00000101010010000100101111110100
10001011101111011011110001101000
01001100101100100000001111010110
11010101110101000001111100110111
01001000110001011110001001000101
01010010100100001110011011100110
00100110001111001110100110001011
01111100110101110000000111111100
00100101111110001001001101011101
00111110110000101011100110111001
00111101010101110011010110011000
01000111000001110101011100110111
01110010011111111000100011100111
11100111100000100100111010110101
10111110011001111111001110101101
01101101111001110111100111100111
01011001111010110110011010010100
01011111010001010101000100100110
11100101101000001111100110111010
01000110111010110011100101101010
10001000010111110101001100101001
01100110110001101111000010100100
00110010011111101001010010001010
10100101001001011110101111100011
10010111100011000111010010001111
11110010100101100101101000001000
10011100011000111110000010011000
00111111001001100011100101111010
10001010001001011000111010010101
01111010110110101011101010000011
00011000101111000111001001100110
11101101110001111010100110011011
00011101001110101110111000111000
01110110010100111101111100000100
10010111101011111001011010010010
00111001010111001101110100001000
01111011011110111111110000100101
11111010100111001101110000101111
00101110101100010011101111101110
01001111111101000101101011000010
11111110101101101111101100010110
11111110110100010111000011001011
00111101111110001101011100010100
11100101101000001000100101100101
10110010111111111110011001100011
10100101010111101011001100101100
10110100100011010110110011010101
10101001100100101100010010110100
11001101001100011101001011010101
10101110101011111101101011010111
11011000010110111101100101111111
01011111011110110010111100001001
11101011101101011010111101001100
11011010101111100111001011000101
01010001100101001011001011010000
01100110100010001001111111000111
00100110011111110101101100111001
00100010110000100000010001010011
01110010110100000011001011110110
00100101101001100110110001110100
11101000011111011111110000111010
11000010010111111110110000111101
00000111111110011011111110011010
00010101111100111101001110101111
10111111111000011011101111111110
10011010100110101110111101100111
01110010011111111011111110000111
01011000010000111010110001010101
00011011111011010010000101000110
01101000000110100001101101000001
10001010010110010110100000101011
11101110110100000110011110100111
00110000001111111101111001110100
11010100110001001001101000010101
11110001111010000001110101101011
01101010111010100000100010011101
01100010010010111100110111000111
11110110011010101000111111110001
11101101110111110101111101110100
10001101000111111000111010110110
10111000101001110111111100010111
11011111000010010111101100110000
10001010010110010100010011111001
00001010001101111000010111101010
01111110111110111001001111111101
11001000101101001000101101011001
11001101110111110110100100000111
10100110101110001010011111001101
11011001111000101111010010001011
10100000111111001000101110011000
11101001010111000101011101100101
10100000100010011101111111000000
01011010110011001001100100101100
01001011010011001101100011101001
01111101110100100011011101011001
11001011010101000100001011111010
10011001010010110001110010010001
11111101111100000110111011010101
01111010011000000010111111001100
01010111011010111010011111011000
01010111110111001001111111101010
10100010111100001011110010110000
01001001010110110101011101010000
00111000011001011011000111010010
11111010100111010101010001101110
11011111110000111010110000100001
11010110001010101000110011101000
01011110101010011011101110111111
11100110000101000111111110101110
00101001110011111110100111101010
01000010010111111011110101100011
00101000100111110010000101000011
11100101101001001001011110110111
11010011001011010000010001001011
00110110100001100001111010110110
10101110101000001111100110111010
01000110111010111110001011000011
00011110110100011110001101100010
01011111011100100111111110000001
10010110011100010110101100000100
01011100111111110110001111001111
00000100101111010110110011010000
10000011101100010000101000110010
11010000010001001110101110001010
01111100100011111111100110111011
00000110011110011000011000000111
01001111001000011100000110111001
11101100010010110100110011011000
11101001011111011101001000110101
11100001000001001111010110101101
11110011001000010010000110011111
10101111101111100100001110111100
01010101000110111001001111111100
10100001001111111100101001011010
01000010110010001110010111011111
01101000000100011001001110010010
01011101001001001000101000111111
11001101111111001101010011110111
11001110010001111010110011001011
00110101111101010101101100110101
01101010011001001111010100110011
01001100011101001011010101101011
10101011111101101010110100101000
01011011101001001110101001001111
10111100111010110111011111001110
01001111010111011010110101111010
01100110110101011101010000011001
11111100111010110101100000111010
11100010101110110111010110101101
10011011000111010011100111011000
00000111100000001110011011100101
10100000011001011111110101001100
11011000111010011101000011111010
11100010111101010011111111010000
10011000110010000101111010101101
00000111001110101110001100010111
10001110101011011010101110101000
00100010011101011101111011001110
10000111110011110110000000101010
01101110010011111111000110010100
00010100110011101101110110111000
11110101000011011101111101100001
01101001101110011001001111010011
10100111100011101010001001100001
11010110000011111010111100101011
01111110000100110101000010100101
11000011110100001000000110011101
11101001110011000000111111110111
10011101001101010011000100100110
01011010000010001001110001111010
00000111010110101101100011001001
11101010011001101100011101001011
11101010011101010101000110111001
10010111101000010100101011100111
01000010111101010111011100100111
11111010110111010011011110000011
01110011000001011111010001001101
11011110110110110001111011011101
11110101111100101101001110010111
01110100011111111010000100110101
11000101001111010111110000100101
11111010111000101001110100001000
11100000111010101110011010110010
11000111010010101100000111111101
10110111010011011011111001101110
01000101011111011100100111111110
01010001001111100100001010000111
00110111011111011010010000011110
10011000111001001000111010110000
10111110101010001101110110011110
00101111010010001011101000001111
11001000101110011000001010010101
10000010010011000101011101100101
10100000100010010110011111111000
00001011010110110101011101010000
01111100110111010010001101110111
11100001100001011100011110110100
01111000110110001001011111011100
10011111111000111111001001101110
10110011100101100110110001101011
10001011110101001111111101011100
01010011110101111100001001011111
10101110001010011101011101001111
10110000101011111011100100111111
01100101111111001110101101011011
01010101000100101010000110111001
11100101000011111010000100110010
11001000000011110101101100011001
00111101010011001101100011101001
01111101110100100011010101000100
00101111101010011010111000101001
11001011010000010001001110100100
00011110110111101011110001010101
00011001001110010111110110010000
01101011001111100111010101001000
01001011111100101101000001111001
10111011010011110100100011001111
00010111110100010111010000100110
01011010000011011111011000101101
11111101011011010101111000100101
11000101001010111110101001110010
10001011011111000011011100101101
00000111110011011101001000110101
11011100011110000100101111110011
11000101111010010001011101000001
11111001000101011001010110100100
10001110010101111101011101001001
01111001101010011100110111000010
11110010111010110001001110111110
11100100111111110100010110101100
00101111111010110110111110110001
01101111111011010001011100001100
10110011110111111000101|011000000
00000000000000000000000000000000
Setting buffer size to 64 bits
Loading to buffer...
header data offset: 316
input byte upto: 324
0011001001111011001000001101110101000001001000110111010010001101
Unb: 20119
Added: 11111000010111101000101100001111
Added: 11110111111000011100111100110000
Added: 11000010110000010010001111100010
Added: 10111011001110001010101000100111
Added: 10101101101111111000101110101110
Added: 00010010000100010111010101001000
Added: 01001111110111110001010111011001
Added: 10110001110100101110011001100110
Added: 01011001011010010111101011011001
Added: 10101011010101101001000010011000
Added: 00110000001100001011011111001100
Added: 11010011000111010010110101011010
Added: 11101010111111011010110101111001
Added: 00101111111010111110111010010011
Added: 10101001001111101010000101001100
Added: 11000011011100010110100001110110
Added: 10110101111010011001101101010111
Added: 01010000011010111110011000001100
Added: 00001100001011011111001100110110
Added: 00111010010011011100010101110010
Added: 10000100110100100010101010001001
Added: 00011111101100110111000101001110
Added: 10000101011111010001111001111000
Added: 00010001110001100111100000110000
Added: 00011011100100111111110101110001
Added: 01001111100100011111111100110111
Added: 01100001100110001001000011100001
Added: 00001110000011011101000011111011
Added: 10110011111110101101101110110000
Added: 00001111000000011111000101011101
Added: 10010110100000110011011100100101
Added: 11110101001100110110001110100101
Added: 10010100111001011000101010100011
Added: 00101001011010101111100001010010
Added: 10110100110001100011111000001001
Added: 10000011111101010110110011010001
Added: 00010101111101011101111011001110
Added: 10011110010010111100001111101011
Added: 10100100101111001101011010001011
Added: 11101000101110011011100100101111
Added: 10101001100101001011001000001110
Added: 10011011011111001100110111011011
Added: 10001111010100001101110111110110
Added: 00010110100011001111111100001110
Added: 10110000100001110101100010101010
Added: 00110011110001011010101010001001
Added: 00110011101011000011000011000000
Added: 11111111010100111010001001011100
Added: 11011101011111000101010110000100
Added: 10111111010000101110111011010111
Added: 11001100000110000001100001011000
Added: 01111111101110011000011000000111
Added: 01001111001000011100010101101101
Added: 01011101010000001110001100110110
Added: 00111010010111011001011000001001
Added: 11011100001110111110111011010100
Added: 11110111110001100011000101011101
Added: 10111100111101011100111101100001
Added: 10001001001100101101000001000100
Added: 11100111101000010111101101101111
Added: 11000100101110011011101111101101
Added: 00100000111101001101110100011111
Added: 10111110100001001101111111000101
Added: 11110111110000100101111110111001
Added: 00111111110101111100010101010000
Added: 11101100101011010000011110011011
Added: 10010011010001111000110000010011
Added: 11000010010111111001100010010010
Added: 10111010001011000010101101100110
Added: 10010010100001011010011001111010
Added: 01110100101100011000111101101110
Added: 11111010111110111100000111001111
Added: 11101100110000100101111110111101
Added: 01100011001010010110101110001011
Added: 11011001110100001000011110100000
Added: 01111101000010001100110110000010
Added: 01011110101101000011011101011111
Added: 00110000011000000110000101101000
Added: 00001111101110100100011001111111
Added: 01011000000100101101111011111110
Added: 00101111101111000100101110011011
Added: 10001010111001010000100110000001
Added: 10010110011111101010101111001011
Added: 00001001011111100110111111011001
Added: 10010010111110101111100101001011
Added: 01010010000110110001001010011100
Added: 10100001100111111111110110011000
Added: 01001011111101111101100001000101
Added: 00010011010110110101011101010000
Added: 01111100110111010010001100010111
Added: 10001001000101010100101001000011
Added: 10011011101011100001110011101011
Added: 00001001011111100010010011011101
Added: 10111110110001111110001101010101
Added: 11101001100000001011111100110001
Added: 01011101100110001011011100100010
Added: 10111001101011001011011000100110
Added: 01100000001110011011101000010001
Added: 11000001110101011100110111011100
Added: 10011111111000100011100111111001
Added: 11100000100100111010110101101111
Added: 10000110111010110111010011011110
Added: 00110111100111011110011110011101
Added: 01100111101011011001101000101010
Added: 00010111110101001101011100010100
Added: 11100101101000001000100111001110
Added: 01010110100001011110100111111000
Added: 11001010011100101111101100100000
Added: 11011101011111001100000110000001
Added: 10000101101000000011111011101001
Added: 00011010100100010111110100101101
Added: 11110011001010001001100110000101
Added: 00101001100011101011011011100100
Added: 11111111000111111001001101001001
Added: 01110111100110001010101010001001
Added: 11000000110010110101000010001111
Added: 00010101010001101110100100011100
Added: 11111010000100011001011100011101
Added: 00100111101001100010101110110101
Added: 11000100010111111101011001100101
Added: 10010110100100111010110110011010
Added: 10110101011010001100010101101110
Added: 10011100110100110001110100101101
Added: 01011010111010101111110110101101
Added: 01111001001011111110101111101111
Added: 00111010011000010110001111001111
Added: 01011101101011010111101001100110
Added: 11010101110101000001100110000010
Added: 10110111010011100110110001110100
Added: 10011011101110110111100111010011
Added: 01010100010110110001010111011011
Added: 10111111111001100001011110010110
Added: 00001001001100101001001100101011
Added: 01000001101011101001100010111110
Added: 00111111110001100011001001110101
Added: 10000011111000001001010101100010
Added: 01001001001111000000100010100110
Added: 11100110110010111001110101011111
Added: 01110110001110010111001011100010
Added: 10111011001011010010000011110101
Added: 00001101110101000010101101011000
Added: 10111110111010111111110111101001
Added: 11111111010100111010001001011111
Added: 01110010011111101100111111100001
Added: 00011100011011110101001111110001
Added: 00110111011110110010011011101110
Added: 01100001100000011101001100001001
Added: 01111110111110110100100001010001
Added: 10010100101100110111011000001001
Added: 11111110011100011101111001011000
Added: 00111011110110111110011011111011
Added: 00001011010011001011010000011001
Added: 11010000101111101111110011010110
Added: 11100100111111011100111111001100
Added: 00001010110011001101011101010000
Added: 01000100111010110111010011011110
Added: 00110011000111011111010111110111
Added: 01001000110111110100010110101100
Added: 01100111011111110110000101000111
Added: 11111010111000101001110011011001
Added: 00101101001100111111110110001111
Added: 00111100100001001011111101110010
Added: 01111111101111101111010110101010
Added: 01000010010111111000100100110100
Added: 00011100000110111011100011101011
Added: 00001001011110110011011010001010
Added: 10000011001110100001011111010111
Added: 10100001000001111100010010011001
Added: 11001010111001011100111010000101
Added: 11110111011100100111111110011000
Added: 11101111111111111011000001111101
Added: 00001001101111101111001010001001
Added: 10101101100011000111001111010100
Added: 10001011010110000111111110101001
Added: 11101010001010001001001101110010
Added: 11010000011001100000101011011101
Added: 00101100101101100011101001110011
Added: 00010011000111100111010011000101
Added: 10111110011001100010010001111100
Added: 01111100010010011001110001110101
Added: 10011100110111000101011100101000
Added: 01001101111101111010000101100001
Added: 00101111110011000111001011000000
Added: 01000101101101111100110010000011
Added: 10100111001110001110101101100110
Added: 11100100011100101101001000010010
Added: 11111101010000101011000001110110
Added: 01001010011101010011110101000101
Added: 10000100101111110010110100000111
Added: 10011000100100110100000111000110
Added: 10111010110001000001111010110110
Added: 10101110101000001000100111010010
Added: 00101101000111001000011100011000
Added: 10010011001110001110110100000111
Added: 00011011110011101010100000011111
Added: 00101101000001111001100000111011
Added: 00000000111100011101011010110111
Added: 11000110011010101111101101100100
Added: 00010011110011011101100001100101
Added: 00101100011110110100011110011100
Added: 10100011000111101001110010010111
Added: 10000011011101110011111001011010
Added: 00001101001000111111111101001110
Added: 10110000010010011000101011101101
Added: 00000111000110101101000111100100
Added: 00101011111001011010000010001001
Added: 11010100111101010001011000010010
Added: 11110110011011111001001011110101
Added: 00111111011110101101100110100011
Added: 00010101101110100111001101100011
Added: 10100101111101110100100011010100
Added: 10001011111010010110111110011001
Added: 11001010110100001011110100111111
Added: 00110001111001000111001011111011
Added: 00100001110011011101111101100001
Added: 01101001101110111111111101101100
Added: 10111011110011101011000001111101
Added: 01001110101010110000100101111110
Added: 10101011110011101010110011010000
Added: 10111100000110100111100100101111
Added: 00001111101110010011111111010111
Added: 00001111001110101100000111110011
Added: 10000001010100100001001011111100
Added: 01011110101011100111000111011010
Added: 00001110001100101001011001101111
Added: 11011000101101111111101111001110
Added: 01010001001010010000101111110011
Added: 01111110000100011110101100110010
Added: 11001011010010110101011011001101
Added: 01011010100110001111100000100110
Added: 00001111110010011001101001110110
Added: 11100011110101001100110100110001
Added: 11010010110101011010111010101111
Added: 11011010110101111001001011111110
Added: 10111110111011110000010011000001
Added: 11111001001111010111011010110101
Added: 11101001100110110101011101010000
Added: 01100011000111110000010011000001
Added: 11111001001100110111011011100011
Added: 11010100110011011000111010011101
Added: 00001111100010010000001100100101
Added: 01110110010110100000110111100001
Added: 00111010111011101111111110011000
Added: 01011110011011101100001100110110
Added: 00111010011100111011000000001111
Added: 00000001110011011101011100010111
Added: 10101001111111101110001111001001
Added: 00111011111010101111100001010010
Added: 10110100110001100011111000001001
Added: 10000011111100011011101011101001
Added: 00101111001101111110000100011100
Added: 00110011011100010100100001110101
Added: 01111100101001011000100110000000
Added: 10011011110000011101111110010111
Added: 11010111101011011001101000010000
Added: 01110110001000010100011001011010
Added: 00001000100111001001110111100000
Added: 00110111001011010000010001001110
Added: 10111011110110011100011100101011
Added: 00010100111100101100000100100110
Added: 10101011110100110000000111110111
Added: 11011000111111000101101111100001
Added: 10101100110011110010010111110000
Added: 10010111111010111010010010111100
Added: 11000110010100000101110011011101
Added: 10111000111101010011001010010110
Added: 01111010011101111110000111110001
Added: 01011101100110111001001011111010
Added: 10000110111000111100001000100111
Added: 01111000010010000110111011100100
Added: 11111111000010101010000100110011
Added: 01110110111101100001111010000110
Added: 01111011111001111011111001010110
Added: 11010101110101000000111000011001
Added: 01101100011101001011111011101001
Added: 00011000111101001110100111100011
Added: 10101000100110000011000000011111
Added: 11100110111111100110010110100000
Added: 10001001110100100010110111001011
Added: 00010101010001011011111001100111
Added: 11110011101011010110110011110000
Added: 01100000001100011100101111000110
Added: 00111010010001111111100101001011
Added: 00010010110100000100111001101100
Added: 01110100101100101110110000000011
Added: 11000000011100110111011111000000
Added: 10111001011010000010001001110011
Added: 10101100100001001011110101101001
Added: 10111001001111111101110101111100
Added: 01011010000101111110011011101001
Added: 00011010010001111001110100110101
Added: 00111001101110110000101011011001
Added: 10100011101111000100100010101010
Added: 01010010000111110111110110000101
Added: 10100110111001100101100010010001
Added: 01110000100100001000011100011010
Added: 11100010100111010101010001011110
Added: 00010111100101100000100100001101
Added: 11001101110110111000111101010011
Added: 00110110001110100101111101110100
Added: 10001100010011000011000001010010
Added: 10111110101001000011101011000001
Added: 11110101110000000111111000100101
Added: 11001101110001110010010001111111
Added: 01111100100001001011110110010110
Added: 11000100110011000000011100110111
Added: 00100111101010101110011011101000
Added: 01000111000001110101011100110111
Added: 01110010011111111000100011100111
Added: 11100111100000100100111010110101
Added: 10111110011001111111001110101101
Added: 01101101111001110111100111100111
Added: 01011001111010110110101011101010
Added: 00001111100110111010010001100000
Added: 01100101100111000101101011000001
Added: 00010101100100111101101000111100
Added: 01101100010010111001101110111101
Added: 01111000010010111111001011010010
Added: 00011111001111010100100010110101
Added: 10110010100101100000111001111110
Added: 01100000011001011010010010001110
Added: 01010111110001010011100101001011
Added: 01011100010100111101011110001101
Added: 01110001010011101011100010001011
Added: 11111101000010011001011001000000
Added: 01111010110011001001100011111000
Added: 00100110000011111100100110011011
Added: 10110111000111101010011001101100
Added: 01110100101111101110100100011010
Added: 10100010000101111101010011010111
Added: 00010100111001011010000010001001
Added: 11000010110111101011110001010101
Added: 00011001001110010111110110010001
Added: 10111001001111111100010101110010
Added: 10000100110010110011111100110010
Added: 10010110111010101010010100011111
Added: 10110011010011110111110011100100
Added: 11000111001001000101111000111010
Added: 11010110011001011001011010001111
Added: 10101101100110101011010100110001
Added: 01111000111001001100110100111011
Added: 01110001111010100110011010011000
Added: 11101001011010101101011101010111
Added: 11101101011010111100100101111111
Added: 01011111001011010010000110110000
Added: 10111100100111101011101101011010
Added: 11110100110011011000110001101100
Added: 11100101101010100010000101111101
Added: 01001101110011111001011010000011
Added: 01111000010001001001100110110001
Added: 11010011101111111111010001100101
Added: 00100110010101101000001100011110
Added: 01000011100111000010001010011001
Added: 11011110100111001100000011111111
Added: 01111101101001000010100011011110
Added: 01110100110101001000010010111111
Added: 00010010011001011010000010001001
Added: 11000111101000000111010101110011
Added: 01110010110100000110001100010111
Added: 10001110010011001101110110111000
Added: 11110101001100110110001110100111
Added: 01000011111010111000101111010100
Added: 11111101100111100011110010010011
Added: 10111110111011011111011000111111
Added: 00011010011110010010111100011010
Added: 00010011000110001011110001110101
Added: 01101101010111010100000100010011
Added: 10101110111101100111000111001010
Added: 11000101001111001011000001001001
Added: 10101010111101001100000001111101
Added: 01110100100101111001100011001010
Added: 00001011100110111011011100011110
Added: 10100110010100101101111111110100
Added: 11010100011001011011100100101111
Added: 10101000011011101110010011111111
Added: 00101101000001111100110011000001
Added: 00111011100001110111110111011011
Added: 11111000011101011000010000111010
Added: 11000101010100011001101000011001
Added: 10011101111010011100110000001111
Added: 11110011000111010110000110011000
Added: 11100101001111010011000100100110
Added: 01011010000010001001110001111010
Added: 00000111010101111010110110011010
Added: 00101010000101111101010001100110
Added: 11100010100111001011010000010001
Added: 00111010010010011011111101011101
Added: 01110011011111101100010110111111
Added: 11011100100111111110011101010010
Added: 00111101010011111001101011000010
Added: 11110111001101110010110100000011
Added: 10001100110110001110100101111101
Added: 11010010001100111101010010001011
Added: 01011000011111111000111101101000
Added: 11110001101100010010111001101110
Added: 00101011100101000010001100101110
Added: 00000101010010000100101111110100
Added: 10001011101111011011110001101000
Added: 01001100101100100000001111010110
Added: 11010101110101000001111100110111
Added: 01001000110001011110001001000101
Added: 01010010100100001110011011100110
Added: 00100110001111001110100110001011
Added: 01111100110101110000000111111100
Added: 00100101111110001001001101011101
Added: 00111110110000101011100110111001
Added: 00111101010101110011010110011000
Added: 01000111000001110101011100110111
Added: 01110010011111111000100011100111
Added: 11100111100000100100111010110101
Added: 10111110011001111111001110101101
Added: 01101101111001110111100111100111
Added: 01011001111010110110011010010100
Added: 01011111010001010101000100100110
Added: 11100101101000001111100110111010
Added: 01000110111010110011100101101010
Added: 10001000010111110101001100101001
Added: 01100110110001101111000010100100
Added: 00110010011111101001010010001010
Added: 10100101001001011110101111100011
Added: 10010111100011000111010010001111
Added: 11110010100101100101101000001000
Added: 10011100011000111110000010011000
Added: 00111111001001100011100101111010
Added: 10001010001001011000111010010101
Added: 01111010110110101011101010000011
Added: 00011000101111000111001001100110
Added: 11101101110001111010100110011011
Added: 00011101001110101110111000111000
Added: 01110110010100111101111100000100
Added: 10010111101011111001011010010010
Added: 00111001010111001101110100001000
Added: 01111011011110111111110000100101
Added: 11111010100111001101110000101111
Added: 00101110101100010011101111101110
Added: 01001111111101000101101011000010
Added: 11111110101101101111101100010110
Added: 11111110110100010111000011001011
Added: 00111101111110001101011100010100
Added: 11100101101000001000100101100101
Added: 10110010111111111110011001100011
Added: 10100101010111101011001100101100
Added: 10110100100011010110110011010101
Added: 10101001100100101100010010110100
Added: 11001101001100011101001011010101
Added: 10101110101011111101101011010111
Added: 11011000010110111101100101111111
Added: 01011111011110110010111100001001
Added: 11101011101101011010111101001100
Added: 11011010101111100111001011000101
Added: 01010001100101001011001011010000
Added: 01100110100010001001111111000111
Added: 00100110011111110101101100111001
Added: 00100010110000100000010001010011
Added: 01110010110100000011001011110110
Added: 00100101101001100110110001110100
Added: 11101000011111011111110000111010
Added: 11000010010111111110110000111101
Added: 00000111111110011011111110011010
Added: 00010101111100111101001110101111
Added: 10111111111000011011101111111110
Added: 10011010100110101110111101100111
Added: 01110010011111111011111110000111
Added: 01011000010000111010110001010101
Added: 00011011111011010010000101000110
Added: 01101000000110100001101101000001
Added: 10001010010110010110100000101011
Added: 11101110110100000110011110100111
Added: 00110000001111111101111001110100
Added: 11010100110001001001101000010101
Added: 11110001111010000001110101101011
Added: 01101010111010100000100010011101
Added: 01100010010010111100110111000111
Added: 11110110011010101000111111110001
Added: 11101101110111110101111101110100
Added: 10001101000111111000111010110110
Added: 10111000101001110111111100010111
Added: 11011111000010010111101100110000
Added: 10001010010110010100010011111001
Added: 00001010001101111000010111101010
Added: 01111110111110111001001111111101
Added: 11001000101101001000101101011001
Added: 11001101110111110110100100000111
Added: 10100110101110001010011111001101
Added: 11011001111000101111010010001011
Added: 10100000111111001000101110011000
Added: 11101001010111000101011101100101
Added: 10100000100010011101111111000000
Added: 01011010110011001001100100101100
Added: 01001011010011001101100011101001
Added: 01111101110100100011011101011001
Added: 11001011010101000100001011111010
Added: 10011001010010110001110010010001
Added: 11111101111100000110111011010101
Added: 01111010011000000010111111001100
Added: 01010111011010111010011111011000
Added: 01010111110111001001111111101010
Added: 10100010111100001011110010110000
Added: 01001001010110110101011101010000
Added: 00111000011001011011000111010010
Added: 11111010100111010101010001101110
Added: 11011111110000111010110000100001
Added: 11010110001010101000110011101000
Added: 01011110101010011011101110111111
Added: 11100110000101000111111110101110
Added: 00101001110011111110100111101010
Added: 01000010010111111011110101100011
Added: 00101000100111110010000101000011
Added: 11100101101001001001011110110111
Added: 11010011001011010000010001001011
Added: 00110110100001100001111010110110
Added: 10101110101000001111100110111010
Added: 01000110111010111110001011000011
Added: 00011110110100011110001101100010
Added: 01011111011100100111111110000001
Added: 10010110011100010110101100000100
Added: 01011100111111110110001111001111
Added: 00000100101111010110110011010000
Added: 10000011101100010000101000110010
Added: 11010000010001001110101110001010
Added: 01111100100011111111100110111011
Added: 00000110011110011000011000000111
Added: 01001111001000011100000110111001
Added: 11101100010010110100110011011000
Added: 11101001011111011101001000110101
Added: 11100001000001001111010110101101
Added: 11110011001000010010000110011111
Added: 10101111101111100100001110111100
Added: 01010101000110111001001111111100
Added: 10100001001111111100101001011010
Added: 01000010110010001110010111011111
Added: 01101000000100011001001110010010
Added: 01011101001001001000101000111111
Added: 11001101111111001101010011110111
Added: 11001110010001111010110011001011
Added: 00110101111101010101101100110101
Added: 01101010011001001111010100110011
Added: 01001100011101001011010101101011
Added: 10101011111101101010110100101000
Added: 01011011101001001110101001001111
Added: 10111100111010110111011111001110
Added: 01001111010111011010110101111010
Added: 01100110110101011101010000011001
Added: 11111100111010110101100000111010
Added: 11100010101110110111010110101101
Added: 10011011000111010011100111011000
Added: 00000111100000001110011011100101
Added: 10100000011001011111110101001100
Added: 11011000111010011101000011111010
Added: 11100010111101010011111111010000
Added: 10011000110010000101111010101101
Added: 00000111001110101110001100010111
Added: 10001110101011011010101110101000
Added: 00100010011101011101111011001110
Added: 10000111110011110110000000101010
Added: 01101110010011111111000110010100
Added: 00010100110011101101110110111000
Added: 11110101000011011101111101100001
Added: 01101001101110011001001111010011
Added: 10100111100011101010001001100001
Added: 11010110000011111010111100101011
Added: 01111110000100110101000010100101
Added: 11000011110100001000000110011101
Added: 11101001110011000000111111110111
Added: 10011101001101010011000100100110
Added: 01011010000010001001110001111010
Added: 00000111010110101101100011001001
Added: 11101010011001101100011101001011
Added: 11101010011101010101000110111001
Added: 10010111101000010100101011100111
Added: 01000010111101010111011100100111
Added: 11111010110111010011011110000011
Added: 01110011000001011111010001001101
Added: 11011110110110110001111011011101
Added: 11110101111100101101001110010111
Added: 01110100011111111010000100110101
Added: 11000101001111010111110000100101
Added: 11111010111000101001110100001000
Added: 11100000111010101110011010110010
Added: 11000111010010101100000111111101
Added: 10110111010011011011111001101110
Added: 01000101011111011100100111111110
Added: 01010001001111100100001010000111
Added: 00110111011111011010010000011110
Added: 10011000111001001000111010110000
Added: 10111110101010001101110110011110
Added: 00101111010010001011101000001111
Added: 11001000101110011000001010010101
Added: 10000010010011000101011101100101
Added: 10100000100010010110011111111000
Added: 00001011010110110101011101010000
Added: 01111100110111010010001101110111
Added: 11100001100001011100011110110100
Added: 01111000110110001001011111011100
Added: 10011111111000111111001001101110
Added: 10110011100101100110110001101011
Added: 10001011110101001111111101011100
Added: 01010011110101111100001001011111
Added: 10101110001010011101011101001111
Added: 10110000101011111011100100111111
Added: 01100101111111001110101101011011
Added: 01010101000100101010000110111001
Added: 11100101000011111010000100110010
Added: 11001000000011110101101100011001
Added: 00111101010011001101100011101001
Added: 01111101110100100011010101000100
Added: 00101111101010011010111000101001
Added: 11001011010000010001001110100100
Added: 00011110110111101011110001010101
Added: 00011001001110010111110110010000
Added: 01101011001111100111010101001000
Added: 01001011111100101101000001111001
Added: 10111011010011110100100011001111
Added: 00010111110100010111010000100110
Added: 01011010000011011111011000101101
Added: 11111101011011010101111000100101
Added: 11000101001010111110101001110010
Added: 10001011011111000011011100101101
Added: 00000111110011011101001000110101
Added: 11011100011110000100101111110011
Added: 11000101111010010001011101000001
Added: 11111001000101011001010110100100
Added: 10001110010101111101011101001001
Added: 01111001101010011100110111000010
Added: 11110010111010110001001110111110
Added: 11100100111111110100010110101100
Added: 00101111111010110110111110110001
Added: 01101111111011010001011100001100
Added: 10110011110111111000101011000000
